Test Results on model 'Multiclass Logistic Regression':
Accuracy: 0.686
 Confusion matrix:
[[41  9  7  0]
 [16 30  1  8]
 [ 2  1 52  3]
 [ 5  8 10 30]]
 Confusion matrix by percentage:
[[0.1838565  0.04035874 0.03139013 0.        ]
 [0.07174888 0.13452915 0.0044843  0.03587444]
 [0.00896861 0.0044843  0.23318386 0.01345291]
 [0.02242152 0.03587444 0.04484305 0.13452915]]

Test Results on model '1-Layer LSTM':
Accuracy: 0.789
 Confusion matrix:
[[47  5  5  0]
 [13 33  2  7]
 [ 2  0 53  3]
 [ 2  3  5 43]]
 Confusion matrix by percentage:
[[0.21076233 0.02242152 0.02242152 0.        ]
 [0.05829596 0.14798206 0.00896861 0.03139013]
 [0.00896861 0.         0.23766816 0.01345291]
 [0.00896861 0.01345291 0.02242152 0.19282511]]

Test Results on model '3-layer LSTM':
Accuracy: 0.789
 Confusion matrix:
[[49  1  7  0]
 [11 35  3  6]
 [ 1  2 54  1]
 [ 4  3  8 38]]
 Confusion matrix by percentage:
[[0.21973094 0.0044843  0.03139013 0.        ]
 [0.04932735 0.15695067 0.01345291 0.02690583]
 [0.0044843  0.00896861 0.24215247 0.0044843 ]
 [0.01793722 0.01345291 0.03587444 0.17040359]]
