Test Results on model 'Multiclass Logistic Regression':
Accuracy: 0.764
 Confusion matrix:
[[41  8  5  4]
 [12 30  1  6]
 [ 0  2 55  2]
 [ 1  7  4 42]]
 Confusion matrix by percentage:
[[0.18636364 0.03636364 0.02272727 0.01818182]
 [0.05454545 0.13636364 0.00454545 0.02727273]
 [0.         0.00909091 0.25       0.00909091]
 [0.00454545 0.03181818 0.01818182 0.19090909]]

Test Results on model '1-Layer LSTM':
Accuracy: 0.814
 Confusion matrix:
[[44 10  2  2]
 [ 9 34  1  5]
 [ 2  1 53  3]
 [ 0  5  1 48]]
 Confusion matrix by percentage:
[[0.2        0.04545455 0.00909091 0.00909091]
 [0.04090909 0.15454545 0.00454545 0.02272727]
 [0.00909091 0.00454545 0.24090909 0.01363636]
 [0.         0.02272727 0.00454545 0.21818182]]

Test Results on model '3-layer LSTM':
Accuracy: 0.727
 Confusion matrix:
[[38 15  4  1]
 [12 31  2  4]
 [ 5  0 53  1]
 [ 4 10  2 38]]
 Confusion matrix by percentage:
[[0.17272727 0.06818182 0.01818182 0.00454545]
 [0.05454545 0.14090909 0.00909091 0.01818182]
 [0.02272727 0.         0.24090909 0.00454545]
 [0.01818182 0.04545455 0.00909091 0.17272727]]