Test Results on model 'Multiclass Logistic Regression':
Accuracy: 0.457
 Confusion matrix:
[[ 8 13 29  7]
 [13 23  4 15]
 [ 7  0 49  2]
 [ 9  9 13 22]]
 Confusion matrix by percentage:
[[0.03587444 0.05829596 0.13004484 0.03139013]
 [0.05829596 0.10313901 0.01793722 0.06726457]
 [0.03139013 0.         0.21973094 0.00896861]
 [0.04035874 0.04035874 0.05829596 0.09865471]]

Test Results on model '1-Layer LSTM':
Accuracy: 0.453
 Confusion matrix:
[[ 7 20 30  0]
 [ 7 40  7  1]
 [ 3  3 52  0]
 [ 6 29 16  2]]
 Confusion matrix by percentage:
[[0.03139013 0.0896861  0.13452915 0.        ]
 [0.03139013 0.1793722  0.03139013 0.0044843 ]
 [0.01345291 0.01345291 0.23318386 0.        ]
 [0.02690583 0.13004484 0.07174888 0.00896861]]

Test Results on model '3-layer LSTM':
Accuracy: 0.448
 Confusion matrix:
[[ 6 26 25  0]
 [ 1 48  6  0]
 [ 5  7 46  0]
 [ 4 38 11  0]]
 Confusion matrix by percentage:
[[0.02690583 0.11659193 0.11210762 0.        ]
 [0.0044843  0.21524664 0.02690583 0.        ]
 [0.02242152 0.03139013 0.20627803 0.        ]
 [0.01793722 0.17040359 0.04932735 0.        ]]